20 121
1 5
5 1
1 10
10 1
1 18
18 1
1 20
20 1
2 4
4 2
2 6
6 2
2 9
9 2
2 11
11 2
2 18
18 2
3 3
3 6
6 3
3 8
8 3
3 13
13 3
3 14
14 3
3 15
15 3
3 19
19 3
4 10
10 4
4 17
17 4
4 18
18 4
5 5
5 9
9 5
5 10
10 5
5 11
11 5
6 10
10 6
6 15
15 6
6 16
16 6
6 19
19 6
7 8
8 7
7 13
13 7
7 14
14 7
7 17
17 7
7 18
18 7
7 19
19 7
8 10
10 8
8 11
11 8
8 12
12 8
8 13
13 8
8 14
14 8
8 15
15 8
8 17
17 8
8 19
19 8
9 10
10 9
9 13
13 9
9 14
14 9
10 10
10 11
11 10
10 13
13 10
10 17
17 10
11 12
12 11
11 13
13 11
11 14
14 11
12 13
13 12
12 14
14 12
12 19
19 12
12 20
20 12
14 18
18 14
14 19
19 14
15 19
19 15
16 16
16 19
19 16
16 20
20 16
18 19
19 18
20 20